year doy  h  Ap F107  
2020 214  0   5.7   0  74.1
2020 214  1   6.1   0  74.1
2020 214  2   5.7   0  74.1
2020 214  3   5.8   3  74.1
2020 214  4   5.3   3  74.1
2020 214  5   4.6   3  74.1
2020 214  6   4.7   3  74.1
2020 214  7   3.9   3  74.1
2020 214  8   3.6   3  74.1
2020 214  9   3.6   2  74.1
2020 214 10   4.4   2  74.1
2020 214 11   5.6   2  74.1
2020 214 12   5.2   3  74.1
2020 214 13   5.0   3  74.1
2020 214 14   5.9   3  74.1
2020 214 15   7.2   4  74.1
2020 214 16   8.0   4  74.1
2020 214 17   8.6   4  74.1
2020 214 18  10.4   4  74.1
2020 214 19  10.1   4  74.1
2020 214 20  10.2   4  74.1
2020 214 21   8.8   2  74.1
2020 214 22  10.2   2  74.1
2020 214 23  11.4   2  74.1
